0.0 30 1 small 35 60 6
0.005 30 1 small 35 60 6
0.01 30 1 small 35 60 6
0.015 30 1 small 35 60 6
0.02 30 1 small 35 60 6
0.025 30 1 small 35 60 6
0.03 30 1 small 35 60 6
0.035 30 1 small 35 60 6
0.04 30 1 small 35 60 6
0.045 30 1 small 35 60 6
0.05 30 1 small 35 60 6
0.055 30 1 small 35 60 6
0.06 30 1 small 35 60 6
0.065 30 1 small 35 60 6
0.07 30 1 small 35 60 6
0.075 30 1 small 35 60 6
0.08 30 1 small 35 60 6
0.085 30 1 small 35 60 6
0.09 30 1 small 35 60 6
0.095 30 1 small 35 60 6
0.1 30 1 small 35 60 6
0.105 30 1 small 35 60 6
0.11 30 1 small 35 60 6
0.115 30 1 small 35 60 6
0.12 30 1 small 35 60 6
0.125 30 1 small 35 60 6
0.13 30 1 small 35 60 6
0.135 30 1 small 35 60 6
0.14 30 1 small 35 60 6
0.145 30 1 small 35 60 6
0.15 30 1 small 35 60 6
0.155 30 1 small 35 60 6
0.16 30 1 small 35 60 6
0.165 30 1 small 35 60 6
0.17 30 1 small 35 60 6
0.17500000000000002 30 1 small 35 60 6
0.18 30 1 small 35 60 6
0.185 30 1 small 35 60 6
0.19 30 1 small 35 60 6
0.195 30 1 small 35 60 6
0.2 30 1 small 35 60 6
0.20500000000000002 30 1 small 35 60 6
0.21 30 1 small 35 60 6
0.215 30 1 small 35 60 6
0.22 30 1 small 35 60 6
0.225 30 1 small 35 60 6
0.23 30 1 small 35 60 6
0.23500000000000001 30 1 small 35 60 6
0.24 30 1 small 35 60 6
0.245 30 1 small 35 60 6
0.25 30 1 small 35 60 6
0.255 30 1 small 35 60 6
0.26 30 1 small 35 60 6
0.265 30 1 small 35 60 6
0.27 30 1 small 35 60 6
0.275 30 1 small 35 60 6
0.28 30 1 small 35 60 6
0.28500000000000003 30 1 small 35 60 6
0.29 30 1 small 35 60 6
0.295 30 1 small 35 60 6
0.3 30 1 small 35 60 6
0.305 30 1 small 35 60 6
0.31 30 1 small 35 60 6
0.315 30 1 small 35 60 6
0.32 30 1 small 35 60 6
0.325 30 1 small 35 60 6
0.33 30 1 small 35 60 6
0.335 30 1 small 35 60 6
0.34 30 1 small 35 60 6
0.34500000000000003 30 1 small 35 60 6
0.35000000000000003 30 1 small 35 60 6
0.355 30 1 small 35 60 6
0.36 30 1 small 35 60 6
0.365 30 1 small 35 60 6
0.37 30 1 small 35 60 6
0.375 30 1 small 35 60 6
0.38 30 1 small 35 60 6
0.385 30 1 small 35 60 6
0.39 30 1 small 35 60 6
0.395 30 1 small 35 60 6
0.4 30 1 small 35 60 6
0.405 30 1 small 35 60 6
0.41000000000000003 30 1 small 35 60 6
0.41500000000000004 30 1 small 35 60 6
0.42 30 1 small 35 60 6
0.425 30 1 small 35 60 6
0.43 30 1 small 35 60 6
0.435 30 1 small 35 60 6
0.44 30 1 small 35 60 6
0.445 30 1 small 35 60 6
0.45 30 1 small 35 60 6
0.455 30 1 small 35 60 6
0.46 30 1 small 35 60 6
0.465 30 1 small 35 60 6
0.47000000000000003 30 1 small 35 60 6
0.47500000000000003 30 1 small 35 60 6
0.48 30 1 small 35 60 6
0.485 30 1 small 35 60 6
0.49 30 1 small 35 60 6
0.495 30 1 small 35 60 6
0.0 30 1 medium 40 80 8
0.005 30 1 medium 40 80 8
0.01 30 1 medium 40 80 8
0.015 30 1 medium 40 80 8
0.02 30 1 medium 40 80 8
0.025 30 1 medium 40 80 8
0.03 30 1 medium 40 80 8
0.035 30 1 medium 40 80 8
0.04 30 1 medium 40 80 8
0.045 30 1 medium 40 80 8
0.05 30 1 medium 40 80 8
0.055 30 1 medium 40 80 8
0.06 30 1 medium 40 80 8
0.065 30 1 medium 40 80 8
0.07 30 1 medium 40 80 8
0.075 30 1 medium 40 80 8
0.08 30 1 medium 40 80 8
0.085 30 1 medium 40 80 8
0.09 30 1 medium 40 80 8
0.095 30 1 medium 40 80 8
0.1 30 1 medium 40 80 8
0.105 30 1 medium 40 80 8
0.11 30 1 medium 40 80 8
0.115 30 1 medium 40 80 8
0.12 30 1 medium 40 80 8
0.125 30 1 medium 40 80 8
0.13 30 1 medium 40 80 8
0.135 30 1 medium 40 80 8
0.14 30 1 medium 40 80 8
0.145 30 1 medium 40 80 8
0.15 30 1 medium 40 80 8
0.155 30 1 medium 40 80 8
0.16 30 1 medium 40 80 8
0.165 30 1 medium 40 80 8
0.17 30 1 medium 40 80 8
0.17500000000000002 30 1 medium 40 80 8
0.18 30 1 medium 40 80 8
0.185 30 1 medium 40 80 8
0.19 30 1 medium 40 80 8
0.195 30 1 medium 40 80 8
0.2 30 1 medium 40 80 8
0.20500000000000002 30 1 medium 40 80 8
0.21 30 1 medium 40 80 8
0.215 30 1 medium 40 80 8
0.22 30 1 medium 40 80 8
0.225 30 1 medium 40 80 8
0.23 30 1 medium 40 80 8
0.23500000000000001 30 1 medium 40 80 8
0.24 30 1 medium 40 80 8
0.245 30 1 medium 40 80 8
0.25 30 1 medium 40 80 8
0.255 30 1 medium 40 80 8
0.26 30 1 medium 40 80 8
0.265 30 1 medium 40 80 8
0.27 30 1 medium 40 80 8
0.275 30 1 medium 40 80 8
0.28 30 1 medium 40 80 8
0.28500000000000003 30 1 medium 40 80 8
0.29 30 1 medium 40 80 8
0.295 30 1 medium 40 80 8
0.3 30 1 medium 40 80 8
0.305 30 1 medium 40 80 8
0.31 30 1 medium 40 80 8
0.315 30 1 medium 40 80 8
0.32 30 1 medium 40 80 8
0.325 30 1 medium 40 80 8
0.33 30 1 medium 40 80 8
0.335 30 1 medium 40 80 8
0.34 30 1 medium 40 80 8
0.34500000000000003 30 1 medium 40 80 8
0.35000000000000003 30 1 medium 40 80 8
0.355 30 1 medium 40 80 8
0.36 30 1 medium 40 80 8
0.365 30 1 medium 40 80 8
0.37 30 1 medium 40 80 8
0.375 30 1 medium 40 80 8
0.38 30 1 medium 40 80 8
0.385 30 1 medium 40 80 8
0.39 30 1 medium 40 80 8
0.395 30 1 medium 40 80 8
0.4 30 1 medium 40 80 8
0.405 30 1 medium 40 80 8
0.41000000000000003 30 1 medium 40 80 8
0.41500000000000004 30 1 medium 40 80 8
0.42 30 1 medium 40 80 8
0.425 30 1 medium 40 80 8
0.43 30 1 medium 40 80 8
0.435 30 1 medium 40 80 8
0.44 30 1 medium 40 80 8
0.445 30 1 medium 40 80 8
0.45 30 1 medium 40 80 8
0.455 30 1 medium 40 80 8
0.46 30 1 medium 40 80 8
0.465 30 1 medium 40 80 8
0.47000000000000003 30 1 medium 40 80 8
0.47500000000000003 30 1 medium 40 80 8
0.48 30 1 medium 40 80 8
0.485 30 1 medium 40 80 8
0.49 30 1 medium 40 80 8
0.495 30 1 medium 40 80 8
0.0 30 1 big 45 100 10
0.005 30 1 big 45 100 10
0.01 30 1 big 45 100 10
0.015 30 1 big 45 100 10
0.02 30 1 big 45 100 10
0.025 30 1 big 45 100 10
0.03 30 1 big 45 100 10
0.035 30 1 big 45 100 10
0.04 30 1 big 45 100 10
0.045 30 1 big 45 100 10
0.05 30 1 big 45 100 10
0.055 30 1 big 45 100 10
0.06 30 1 big 45 100 10
0.065 30 1 big 45 100 10
0.07 30 1 big 45 100 10
0.075 30 1 big 45 100 10
0.08 30 1 big 45 100 10
0.085 30 1 big 45 100 10
0.09 30 1 big 45 100 10
0.095 30 1 big 45 100 10
0.1 30 1 big 45 100 10
0.105 30 1 big 45 100 10
0.11 30 1 big 45 100 10
0.115 30 1 big 45 100 10
0.12 30 1 big 45 100 10
0.125 30 1 big 45 100 10
0.13 30 1 big 45 100 10
0.135 30 1 big 45 100 10
0.14 30 1 big 45 100 10
0.145 30 1 big 45 100 10
0.15 30 1 big 45 100 10
0.155 30 1 big 45 100 10
0.16 30 1 big 45 100 10
0.165 30 1 big 45 100 10
0.17 30 1 big 45 100 10
0.17500000000000002 30 1 big 45 100 10
0.18 30 1 big 45 100 10
0.185 30 1 big 45 100 10
0.19 30 1 big 45 100 10
0.195 30 1 big 45 100 10
0.2 30 1 big 45 100 10
0.20500000000000002 30 1 big 45 100 10
0.21 30 1 big 45 100 10
0.215 30 1 big 45 100 10
0.22 30 1 big 45 100 10
0.225 30 1 big 45 100 10
0.23 30 1 big 45 100 10
0.23500000000000001 30 1 big 45 100 10
0.24 30 1 big 45 100 10
0.245 30 1 big 45 100 10
0.25 30 1 big 45 100 10
0.255 30 1 big 45 100 10
0.26 30 1 big 45 100 10
0.265 30 1 big 45 100 10
0.27 30 1 big 45 100 10
0.275 30 1 big 45 100 10
0.28 30 1 big 45 100 10
0.28500000000000003 30 1 big 45 100 10
0.29 30 1 big 45 100 10
0.295 30 1 big 45 100 10
0.3 30 1 big 45 100 10
0.305 30 1 big 45 100 10
0.31 30 1 big 45 100 10
0.315 30 1 big 45 100 10
0.32 30 1 big 45 100 10
0.325 30 1 big 45 100 10
0.33 30 1 big 45 100 10
0.335 30 1 big 45 100 10
0.34 30 1 big 45 100 10
0.34500000000000003 30 1 big 45 100 10
0.35000000000000003 30 1 big 45 100 10
0.355 30 1 big 45 100 10
0.36 30 1 big 45 100 10
0.365 30 1 big 45 100 10
0.37 30 1 big 45 100 10
0.375 30 1 big 45 100 10
0.38 30 1 big 45 100 10
0.385 30 1 big 45 100 10
0.39 30 1 big 45 100 10
0.395 30 1 big 45 100 10
0.4 30 1 big 45 100 10
0.405 30 1 big 45 100 10
0.41000000000000003 30 1 big 45 100 10
0.41500000000000004 30 1 big 45 100 10
0.42 30 1 big 45 100 10
0.425 30 1 big 45 100 10
0.43 30 1 big 45 100 10
0.435 30 1 big 45 100 10
0.44 30 1 big 45 100 10
0.445 30 1 big 45 100 10
0.45 30 1 big 45 100 10
0.455 30 1 big 45 100 10
0.46 30 1 big 45 100 10
0.465 30 1 big 45 100 10
0.47000000000000003 30 1 big 45 100 10
0.47500000000000003 30 1 big 45 100 10
0.48 30 1 big 45 100 10
0.485 30 1 big 45 100 10
0.49 30 1 big 45 100 10
0.495 30 1 big 45 100 10
