-0.2
-0.19840000000000002
-0.1968
-0.1952
-0.19360000000000002
-0.192
-0.1904
-0.18880000000000002
-0.1872
-0.18560000000000001
-0.184
-0.1824
-0.18080000000000002
-0.1792
-0.1776
-0.17600000000000002
-0.1744
-0.1728
-0.17120000000000002
-0.1696
-0.168
-0.1664
-0.1648
-0.1632
-0.16160000000000002
-0.16
-0.1584
-0.1568
-0.1552
-0.15360000000000001
-0.15200000000000002
-0.1504
-0.14880000000000002
-0.1472
-0.1456
-0.14400000000000002
-0.1424
-0.1408
-0.13920000000000002
-0.1376
-0.136
-0.13440000000000002
-0.1328
-0.1312
-0.1296
-0.128
-0.1264
-0.12480000000000001
-0.1232
-0.12160000000000001
-0.12000000000000001
-0.1184
-0.1168
-0.11520000000000001
-0.1136
-0.112
-0.11040000000000001
-0.10880000000000001
-0.1072
-0.10560000000000001
-0.10400000000000001
-0.1024
-0.1008
-0.09920000000000001
-0.0976
-0.096
-0.09440000000000001
-0.09280000000000001
-0.0912
-0.0896
-0.08800000000000001
-0.0864
-0.0848
-0.08320000000000001
-0.0816
-0.08
-0.07840000000000001
-0.07680000000000001
-0.0752
-0.0736
-0.07200000000000001
-0.07040000000000002
-0.0688
-0.06720000000000001
-0.06559999999999999
-0.064
-0.06240000000000001
-0.06079999999999999
-0.0592
-0.05760000000000001
-0.055999999999999994
-0.054400000000000004
-0.052800000000000014
-0.051199999999999996
-0.049600000000000005
-0.048000000000000015
-0.0464
-0.044800000000000006
-0.043200000000000016
-0.0416
-0.04000000000000001
-0.03839999999999999
-0.0368
-0.03520000000000001
-0.03359999999999999
-0.032
-0.03040000000000001
-0.028799999999999992
-0.027200000000000002
-0.02560000000000001
-0.023999999999999994
-0.022400000000000003
-0.020800000000000013
-0.019199999999999995
-0.017600000000000005
-0.016000000000000014
-0.014399999999999996
-0.012800000000000006
-0.011200000000000015
-0.009599999999999997
-0.008000000000000007
-0.006399999999999989
-0.004799999999999999
-0.0032000000000000084
-0.0015999999999999903
0.0
0.0015999999999999903
0.0032000000000000084
0.004799999999999999
0.006399999999999989
0.008000000000000007
0.009599999999999997
0.011199999999999988
0.012800000000000006
0.014399999999999996
0.015999999999999986
0.017600000000000005
0.019199999999999995
0.020800000000000013
0.022400000000000003
0.023999999999999994
0.02560000000000001
0.027200000000000002
0.028799999999999992
0.03040000000000001
0.032
0.03359999999999999
0.03520000000000001
0.0368
0.03839999999999999
0.04000000000000001
0.0416
0.04319999999999999
0.044800000000000006
0.0464
0.04799999999999999
0.049600000000000005
0.05120000000000002
0.052800000000000014
0.054400000000000004
0.055999999999999994
0.057599999999999985
0.059199999999999975
0.06080000000000002
0.06240000000000001
0.064
0.06559999999999999
0.06719999999999998
0.06880000000000003
0.07040000000000002
0.07200000000000001
0.0736
0.07519999999999999
0.07679999999999998
0.07840000000000003
0.08000000000000002
0.0816
0.0832
0.08479999999999999
0.08639999999999998
0.08800000000000002
0.08960000000000001
0.0912
0.0928
0.09439999999999998
0.09600000000000003
0.09760000000000002
0.09920000000000001
0.1008
0.10239999999999999
0.10399999999999998
0.10560000000000003
0.10720000000000002
0.10880000000000001
0.1104
0.11199999999999999
0.11359999999999998
0.11520000000000002
0.11680000000000001
0.1184
0.12
0.12159999999999999
0.12320000000000003
0.12480000000000002
0.1264
0.128
0.1296
0.13119999999999998
0.13280000000000003
0.13440000000000002
0.136
0.1376
0.1392
0.14079999999999998
0.14240000000000003
0.14400000000000002
0.1456
0.1472
0.1488
0.15039999999999998
0.15200000000000002
0.15360000000000001
0.1552
0.1568
0.15839999999999999
0.16000000000000003
0.16160000000000002
0.1632
0.1648
0.1664
0.16799999999999998
0.16960000000000003
0.17120000000000002
0.1728
0.1744
0.176
0.17759999999999998
0.17920000000000003
0.18080000000000002
0.1824
0.184
0.1856
0.18720000000000003
0.18880000000000002
0.1904
0.192
0.1936
0.19519999999999998
0.19680000000000003
0.19840000000000002
0.2
0.2016
0.2032
0.20479999999999998
0.20640000000000003
0.20800000000000002
0.2096
0.2112
0.2128
0.21440000000000003
0.21600000000000003
0.21760000000000002
0.2192
0.2208
0.2224
0.22400000000000003
0.22560000000000002
0.2272
0.2288
0.2304
0.23199999999999998
0.23360000000000003
0.23520000000000002
0.2368
0.2384
0.24
0.24160000000000004
0.24320000000000003
0.24480000000000002
0.2464
0.248
0.2496
0.25120000000000003
0.2528
0.2544
0.256
0.2576
0.2592
0.26080000000000003
0.2624
0.264
0.2656
0.2672
0.26880000000000004
0.27040000000000003
0.272
0.2736
0.2752
0.2768
0.27840000000000004
0.28
0.2816
0.2832
0.2848
0.2864
0.28800000000000003
0.2896
0.2912
0.2928
0.2944
0.296
0.29760000000000003
0.2992
0.3008
0.30240000000000006
0.304
0.30560000000000004
0.3072
0.3088
0.31040000000000006
0.312
0.31360000000000005
0.3152
0.3168
0.31839999999999996
0.32
0.32160000000000005
0.3232
0.32480000000000003
0.32639999999999997
0.328
0.32960000000000006
0.3312
0.33280000000000004
0.3344
0.336
0.33760000000000007
0.3392
0.34080000000000005
0.3424
0.34400000000000003
0.34559999999999996
0.3472
0.34880000000000005
0.3504
0.35200000000000004
0.35359999999999997
0.3552
0.35680000000000006
0.3584
0.36000000000000004
0.3616
0.3632
0.36480000000000007
0.3664
0.36800000000000005
0.3696
0.37120000000000003
0.37279999999999996
0.3744
0.37600000000000006
0.3776
0.37920000000000004
0.38079999999999997
0.3824
0.38400000000000006
0.3856
0.38720000000000004
0.3888
0.3904
0.39200000000000007
0.3936
0.39520000000000005
0.3968
0.39840000000000003
0.39999999999999997
0.4016
0.40320000000000006
0.4048
0.40640000000000004
0.408
0.4096
0.41120000000000007
0.4128
0.41440000000000005
0.416
0.4176
0.4192000000000001
0.4208
0.42240000000000005
0.424
0.42560000000000003
0.42719999999999997
0.4288
0.43040000000000006
0.432
0.43360000000000004
0.4352
0.4368
0.43840000000000007
0.44
0.44160000000000005
0.4432
0.44480000000000003
0.4464000000000001
0.448
0.44960000000000006
0.4512
0.45280000000000004
0.45439999999999997
0.456
0.45760000000000006
0.4592
0.46080000000000004
0.4624
0.464
0.46560000000000007
0.4672
0.46880000000000005
0.4704
0.47200000000000003
0.4736000000000001
0.4752
0.47680000000000006
0.4784
0.48000000000000004
0.4816
0.4832
0.48480000000000006
0.4864
0.48800000000000004
0.4896
0.4912
0.49280000000000007
0.4944
0.49600000000000005
0.4976
0.49920000000000003
0.5007999999999999
0.5024
0.504
0.5056
0.5072000000000001
0.5087999999999999
0.5104
0.512
0.5136000000000001
0.5152000000000001
0.5167999999999999
0.5184
0.52
0.5216000000000001
0.5232000000000001
0.5247999999999999
0.5264
0.528
0.5296000000000001
0.5312000000000001
0.5327999999999999
0.5344
0.536
0.5376000000000001
0.5392000000000001
0.5408
0.5424
0.544
0.5456000000000001
0.5472000000000001
0.5488
0.5504
0.552
0.5536000000000001
0.5551999999999999
0.5568
0.5584
0.56
0.5616000000000001
0.5631999999999999
0.5648
0.5664
0.5680000000000001
0.5696000000000001
0.5711999999999999
0.5728
0.5744
0.5760000000000001
0.5776000000000001
0.5791999999999999
0.5808
0.5824
0.5840000000000001
0.5856000000000001
0.5871999999999999
0.5888
0.5904
0.5920000000000001
0.5936000000000001
0.5952
0.5968
0.5984
0.6
