0.0000 30 0.0100 ratio_0p0100
0.0500 30 0.0100 ratio_0p0100
0.1000 30 0.0100 ratio_0p0100
0.1500 30 0.0100 ratio_0p0100
0.2000 30 0.0100 ratio_0p0100
0.2500 30 0.0100 ratio_0p0100
0.3000 30 0.0100 ratio_0p0100
0.3500 30 0.0100 ratio_0p0100
0.4000 30 0.0100 ratio_0p0100
0.4500 30 0.0100 ratio_0p0100
0.0000 30 0.0621 ratio_0p0621
0.0500 30 0.0621 ratio_0p0621
0.1000 30 0.0621 ratio_0p0621
0.1500 30 0.0621 ratio_0p0621
0.2000 30 0.0621 ratio_0p0621
0.2500 30 0.0621 ratio_0p0621
0.3000 30 0.0621 ratio_0p0621
0.3500 30 0.0621 ratio_0p0621
0.4000 30 0.0621 ratio_0p0621
0.4500 30 0.0621 ratio_0p0621
0.0000 30 0.1142 ratio_0p1142
0.0500 30 0.1142 ratio_0p1142
0.1000 30 0.1142 ratio_0p1142
0.1500 30 0.1142 ratio_0p1142
0.2000 30 0.1142 ratio_0p1142
0.2500 30 0.1142 ratio_0p1142
0.3000 30 0.1142 ratio_0p1142
0.3500 30 0.1142 ratio_0p1142
0.4000 30 0.1142 ratio_0p1142
0.4500 30 0.1142 ratio_0p1142
0.0000 30 0.1663 ratio_0p1663
0.0500 30 0.1663 ratio_0p1663
0.1000 30 0.1663 ratio_0p1663
0.1500 30 0.1663 ratio_0p1663
0.2000 30 0.1663 ratio_0p1663
0.2500 30 0.1663 ratio_0p1663
0.3000 30 0.1663 ratio_0p1663
0.3500 30 0.1663 ratio_0p1663
0.4000 30 0.1663 ratio_0p1663
0.4500 30 0.1663 ratio_0p1663
0.0000 30 0.2184 ratio_0p2184
0.0500 30 0.2184 ratio_0p2184
0.1000 30 0.2184 ratio_0p2184
0.1500 30 0.2184 ratio_0p2184
0.2000 30 0.2184 ratio_0p2184
0.2500 30 0.2184 ratio_0p2184
0.3000 30 0.2184 ratio_0p2184
0.3500 30 0.2184 ratio_0p2184
0.4000 30 0.2184 ratio_0p2184
0.4500 30 0.2184 ratio_0p2184
0.0000 30 0.2705 ratio_0p2705
0.0500 30 0.2705 ratio_0p2705
0.1000 30 0.2705 ratio_0p2705
0.1500 30 0.2705 ratio_0p2705
0.2000 30 0.2705 ratio_0p2705
0.2500 30 0.2705 ratio_0p2705
0.3000 30 0.2705 ratio_0p2705
0.3500 30 0.2705 ratio_0p2705
0.4000 30 0.2705 ratio_0p2705
0.4500 30 0.2705 ratio_0p2705
0.0000 30 0.3226 ratio_0p3226
0.0500 30 0.3226 ratio_0p3226
0.1000 30 0.3226 ratio_0p3226
0.1500 30 0.3226 ratio_0p3226
0.2000 30 0.3226 ratio_0p3226
0.2500 30 0.3226 ratio_0p3226
0.3000 30 0.3226 ratio_0p3226
0.3500 30 0.3226 ratio_0p3226
0.4000 30 0.3226 ratio_0p3226
0.4500 30 0.3226 ratio_0p3226
0.0000 30 0.3747 ratio_0p3747
0.0500 30 0.3747 ratio_0p3747
0.1000 30 0.3747 ratio_0p3747
0.1500 30 0.3747 ratio_0p3747
0.2000 30 0.3747 ratio_0p3747
0.2500 30 0.3747 ratio_0p3747
0.3000 30 0.3747 ratio_0p3747
0.3500 30 0.3747 ratio_0p3747
0.4000 30 0.3747 ratio_0p3747
0.4500 30 0.3747 ratio_0p3747
0.0000 30 0.4268 ratio_0p4268
0.0500 30 0.4268 ratio_0p4268
0.1000 30 0.4268 ratio_0p4268
0.1500 30 0.4268 ratio_0p4268
0.2000 30 0.4268 ratio_0p4268
0.2500 30 0.4268 ratio_0p4268
0.3000 30 0.4268 ratio_0p4268
0.3500 30 0.4268 ratio_0p4268
0.4000 30 0.4268 ratio_0p4268
0.4500 30 0.4268 ratio_0p4268
0.0000 30 0.4789 ratio_0p4789
0.0500 30 0.4789 ratio_0p4789
0.1000 30 0.4789 ratio_0p4789
0.1500 30 0.4789 ratio_0p4789
0.2000 30 0.4789 ratio_0p4789
0.2500 30 0.4789 ratio_0p4789
0.3000 30 0.4789 ratio_0p4789
0.3500 30 0.4789 ratio_0p4789
0.4000 30 0.4789 ratio_0p4789
0.4500 30 0.4789 ratio_0p4789
0.0000 30 0.5311 ratio_0p5311
0.0500 30 0.5311 ratio_0p5311
0.1000 30 0.5311 ratio_0p5311
0.1500 30 0.5311 ratio_0p5311
0.2000 30 0.5311 ratio_0p5311
0.2500 30 0.5311 ratio_0p5311
0.3000 30 0.5311 ratio_0p5311
0.3500 30 0.5311 ratio_0p5311
0.4000 30 0.5311 ratio_0p5311
0.4500 30 0.5311 ratio_0p5311
0.0000 30 0.5832 ratio_0p5832
0.0500 30 0.5832 ratio_0p5832
0.1000 30 0.5832 ratio_0p5832
0.1500 30 0.5832 ratio_0p5832
0.2000 30 0.5832 ratio_0p5832
0.2500 30 0.5832 ratio_0p5832
0.3000 30 0.5832 ratio_0p5832
0.3500 30 0.5832 ratio_0p5832
0.4000 30 0.5832 ratio_0p5832
0.4500 30 0.5832 ratio_0p5832
0.0000 30 0.6353 ratio_0p6353
0.0500 30 0.6353 ratio_0p6353
0.1000 30 0.6353 ratio_0p6353
0.1500 30 0.6353 ratio_0p6353
0.2000 30 0.6353 ratio_0p6353
0.2500 30 0.6353 ratio_0p6353
0.3000 30 0.6353 ratio_0p6353
0.3500 30 0.6353 ratio_0p6353
0.4000 30 0.6353 ratio_0p6353
0.4500 30 0.6353 ratio_0p6353
0.0000 30 0.6874 ratio_0p6874
0.0500 30 0.6874 ratio_0p6874
0.1000 30 0.6874 ratio_0p6874
0.1500 30 0.6874 ratio_0p6874
0.2000 30 0.6874 ratio_0p6874
0.2500 30 0.6874 ratio_0p6874
0.3000 30 0.6874 ratio_0p6874
0.3500 30 0.6874 ratio_0p6874
0.4000 30 0.6874 ratio_0p6874
0.4500 30 0.6874 ratio_0p6874
0.0000 30 0.7395 ratio_0p7395
0.0500 30 0.7395 ratio_0p7395
0.1000 30 0.7395 ratio_0p7395
0.1500 30 0.7395 ratio_0p7395
0.2000 30 0.7395 ratio_0p7395
0.2500 30 0.7395 ratio_0p7395
0.3000 30 0.7395 ratio_0p7395
0.3500 30 0.7395 ratio_0p7395
0.4000 30 0.7395 ratio_0p7395
0.4500 30 0.7395 ratio_0p7395
0.0000 30 0.7916 ratio_0p7916
0.0500 30 0.7916 ratio_0p7916
0.1000 30 0.7916 ratio_0p7916
0.1500 30 0.7916 ratio_0p7916
0.2000 30 0.7916 ratio_0p7916
0.2500 30 0.7916 ratio_0p7916
0.3000 30 0.7916 ratio_0p7916
0.3500 30 0.7916 ratio_0p7916
0.4000 30 0.7916 ratio_0p7916
0.4500 30 0.7916 ratio_0p7916
0.0000 30 0.8437 ratio_0p8437
0.0500 30 0.8437 ratio_0p8437
0.1000 30 0.8437 ratio_0p8437
0.1500 30 0.8437 ratio_0p8437
0.2000 30 0.8437 ratio_0p8437
0.2500 30 0.8437 ratio_0p8437
0.3000 30 0.8437 ratio_0p8437
0.3500 30 0.8437 ratio_0p8437
0.4000 30 0.8437 ratio_0p8437
0.4500 30 0.8437 ratio_0p8437
0.0000 30 0.8958 ratio_0p8958
0.0500 30 0.8958 ratio_0p8958
0.1000 30 0.8958 ratio_0p8958
0.1500 30 0.8958 ratio_0p8958
0.2000 30 0.8958 ratio_0p8958
0.2500 30 0.8958 ratio_0p8958
0.3000 30 0.8958 ratio_0p8958
0.3500 30 0.8958 ratio_0p8958
0.4000 30 0.8958 ratio_0p8958
0.4500 30 0.8958 ratio_0p8958
0.0000 30 0.9479 ratio_0p9479
0.0500 30 0.9479 ratio_0p9479
0.1000 30 0.9479 ratio_0p9479
0.1500 30 0.9479 ratio_0p9479
0.2000 30 0.9479 ratio_0p9479
0.2500 30 0.9479 ratio_0p9479
0.3000 30 0.9479 ratio_0p9479
0.3500 30 0.9479 ratio_0p9479
0.4000 30 0.9479 ratio_0p9479
0.4500 30 0.9479 ratio_0p9479
0.0000 30 1.0000 ratio_1p0000
0.0500 30 1.0000 ratio_1p0000
0.1000 30 1.0000 ratio_1p0000
0.1500 30 1.0000 ratio_1p0000
0.2000 30 1.0000 ratio_1p0000
0.2500 30 1.0000 ratio_1p0000
0.3000 30 1.0000 ratio_1p0000
0.3500 30 1.0000 ratio_1p0000
0.4000 30 1.0000 ratio_1p0000
0.4500 30 1.0000 ratio_1p0000
