0.0000 1.0000 1 prod_1p0000
0.0500 1.0000 1 prod_1p0000
0.1000 1.0000 1 prod_1p0000
0.1500 1.0000 1 prod_1p0000
0.2000 1.0000 1 prod_1p0000
0.2500 1.0000 1 prod_1p0000
0.3000 1.0000 1 prod_1p0000
0.3500 1.0000 1 prod_1p0000
0.4000 1.0000 1 prod_1p0000
0.4500 1.0000 1 prod_1p0000
0.0000 6.2105 1 prod_6p2105
0.0500 6.2105 1 prod_6p2105
0.1000 6.2105 1 prod_6p2105
0.1500 6.2105 1 prod_6p2105
0.2000 6.2105 1 prod_6p2105
0.2500 6.2105 1 prod_6p2105
0.3000 6.2105 1 prod_6p2105
0.3500 6.2105 1 prod_6p2105
0.4000 6.2105 1 prod_6p2105
0.4500 6.2105 1 prod_6p2105
0.0000 11.4211 1 prod_11p4211
0.0500 11.4211 1 prod_11p4211
0.1000 11.4211 1 prod_11p4211
0.1500 11.4211 1 prod_11p4211
0.2000 11.4211 1 prod_11p4211
0.2500 11.4211 1 prod_11p4211
0.3000 11.4211 1 prod_11p4211
0.3500 11.4211 1 prod_11p4211
0.4000 11.4211 1 prod_11p4211
0.4500 11.4211 1 prod_11p4211
0.0000 16.6316 1 prod_16p6316
0.0500 16.6316 1 prod_16p6316
0.1000 16.6316 1 prod_16p6316
0.1500 16.6316 1 prod_16p6316
0.2000 16.6316 1 prod_16p6316
0.2500 16.6316 1 prod_16p6316
0.3000 16.6316 1 prod_16p6316
0.3500 16.6316 1 prod_16p6316
0.4000 16.6316 1 prod_16p6316
0.4500 16.6316 1 prod_16p6316
0.0000 21.8421 1 prod_21p8421
0.0500 21.8421 1 prod_21p8421
0.1000 21.8421 1 prod_21p8421
0.1500 21.8421 1 prod_21p8421
0.2000 21.8421 1 prod_21p8421
0.2500 21.8421 1 prod_21p8421
0.3000 21.8421 1 prod_21p8421
0.3500 21.8421 1 prod_21p8421
0.4000 21.8421 1 prod_21p8421
0.4500 21.8421 1 prod_21p8421
0.0000 27.0526 1 prod_27p0526
0.0500 27.0526 1 prod_27p0526
0.1000 27.0526 1 prod_27p0526
0.1500 27.0526 1 prod_27p0526
0.2000 27.0526 1 prod_27p0526
0.2500 27.0526 1 prod_27p0526
0.3000 27.0526 1 prod_27p0526
0.3500 27.0526 1 prod_27p0526
0.4000 27.0526 1 prod_27p0526
0.4500 27.0526 1 prod_27p0526
0.0000 32.2632 1 prod_32p2632
0.0500 32.2632 1 prod_32p2632
0.1000 32.2632 1 prod_32p2632
0.1500 32.2632 1 prod_32p2632
0.2000 32.2632 1 prod_32p2632
0.2500 32.2632 1 prod_32p2632
0.3000 32.2632 1 prod_32p2632
0.3500 32.2632 1 prod_32p2632
0.4000 32.2632 1 prod_32p2632
0.4500 32.2632 1 prod_32p2632
0.0000 37.4737 1 prod_37p4737
0.0500 37.4737 1 prod_37p4737
0.1000 37.4737 1 prod_37p4737
0.1500 37.4737 1 prod_37p4737
0.2000 37.4737 1 prod_37p4737
0.2500 37.4737 1 prod_37p4737
0.3000 37.4737 1 prod_37p4737
0.3500 37.4737 1 prod_37p4737
0.4000 37.4737 1 prod_37p4737
0.4500 37.4737 1 prod_37p4737
0.0000 42.6842 1 prod_42p6842
0.0500 42.6842 1 prod_42p6842
0.1000 42.6842 1 prod_42p6842
0.1500 42.6842 1 prod_42p6842
0.2000 42.6842 1 prod_42p6842
0.2500 42.6842 1 prod_42p6842
0.3000 42.6842 1 prod_42p6842
0.3500 42.6842 1 prod_42p6842
0.4000 42.6842 1 prod_42p6842
0.4500 42.6842 1 prod_42p6842
0.0000 47.8947 1 prod_47p8947
0.0500 47.8947 1 prod_47p8947
0.1000 47.8947 1 prod_47p8947
0.1500 47.8947 1 prod_47p8947
0.2000 47.8947 1 prod_47p8947
0.2500 47.8947 1 prod_47p8947
0.3000 47.8947 1 prod_47p8947
0.3500 47.8947 1 prod_47p8947
0.4000 47.8947 1 prod_47p8947
0.4500 47.8947 1 prod_47p8947
0.0000 53.1053 1 prod_53p1053
0.0500 53.1053 1 prod_53p1053
0.1000 53.1053 1 prod_53p1053
0.1500 53.1053 1 prod_53p1053
0.2000 53.1053 1 prod_53p1053
0.2500 53.1053 1 prod_53p1053
0.3000 53.1053 1 prod_53p1053
0.3500 53.1053 1 prod_53p1053
0.4000 53.1053 1 prod_53p1053
0.4500 53.1053 1 prod_53p1053
0.0000 58.3158 1 prod_58p3158
0.0500 58.3158 1 prod_58p3158
0.1000 58.3158 1 prod_58p3158
0.1500 58.3158 1 prod_58p3158
0.2000 58.3158 1 prod_58p3158
0.2500 58.3158 1 prod_58p3158
0.3000 58.3158 1 prod_58p3158
0.3500 58.3158 1 prod_58p3158
0.4000 58.3158 1 prod_58p3158
0.4500 58.3158 1 prod_58p3158
0.0000 63.5263 1 prod_63p5263
0.0500 63.5263 1 prod_63p5263
0.1000 63.5263 1 prod_63p5263
0.1500 63.5263 1 prod_63p5263
0.2000 63.5263 1 prod_63p5263
0.2500 63.5263 1 prod_63p5263
0.3000 63.5263 1 prod_63p5263
0.3500 63.5263 1 prod_63p5263
0.4000 63.5263 1 prod_63p5263
0.4500 63.5263 1 prod_63p5263
0.0000 68.7368 1 prod_68p7368
0.0500 68.7368 1 prod_68p7368
0.1000 68.7368 1 prod_68p7368
0.1500 68.7368 1 prod_68p7368
0.2000 68.7368 1 prod_68p7368
0.2500 68.7368 1 prod_68p7368
0.3000 68.7368 1 prod_68p7368
0.3500 68.7368 1 prod_68p7368
0.4000 68.7368 1 prod_68p7368
0.4500 68.7368 1 prod_68p7368
0.0000 73.9474 1 prod_73p9474
0.0500 73.9474 1 prod_73p9474
0.1000 73.9474 1 prod_73p9474
0.1500 73.9474 1 prod_73p9474
0.2000 73.9474 1 prod_73p9474
0.2500 73.9474 1 prod_73p9474
0.3000 73.9474 1 prod_73p9474
0.3500 73.9474 1 prod_73p9474
0.4000 73.9474 1 prod_73p9474
0.4500 73.9474 1 prod_73p9474
0.0000 79.1579 1 prod_79p1579
0.0500 79.1579 1 prod_79p1579
0.1000 79.1579 1 prod_79p1579
0.1500 79.1579 1 prod_79p1579
0.2000 79.1579 1 prod_79p1579
0.2500 79.1579 1 prod_79p1579
0.3000 79.1579 1 prod_79p1579
0.3500 79.1579 1 prod_79p1579
0.4000 79.1579 1 prod_79p1579
0.4500 79.1579 1 prod_79p1579
0.0000 84.3684 1 prod_84p3684
0.0500 84.3684 1 prod_84p3684
0.1000 84.3684 1 prod_84p3684
0.1500 84.3684 1 prod_84p3684
0.2000 84.3684 1 prod_84p3684
0.2500 84.3684 1 prod_84p3684
0.3000 84.3684 1 prod_84p3684
0.3500 84.3684 1 prod_84p3684
0.4000 84.3684 1 prod_84p3684
0.4500 84.3684 1 prod_84p3684
0.0000 89.5789 1 prod_89p5789
0.0500 89.5789 1 prod_89p5789
0.1000 89.5789 1 prod_89p5789
0.1500 89.5789 1 prod_89p5789
0.2000 89.5789 1 prod_89p5789
0.2500 89.5789 1 prod_89p5789
0.3000 89.5789 1 prod_89p5789
0.3500 89.5789 1 prod_89p5789
0.4000 89.5789 1 prod_89p5789
0.4500 89.5789 1 prod_89p5789
0.0000 94.7895 1 prod_94p7895
0.0500 94.7895 1 prod_94p7895
0.1000 94.7895 1 prod_94p7895
0.1500 94.7895 1 prod_94p7895
0.2000 94.7895 1 prod_94p7895
0.2500 94.7895 1 prod_94p7895
0.3000 94.7895 1 prod_94p7895
0.3500 94.7895 1 prod_94p7895
0.4000 94.7895 1 prod_94p7895
0.4500 94.7895 1 prod_94p7895
0.0000 100.0000 1 prod_100p0000
0.0500 100.0000 1 prod_100p0000
0.1000 100.0000 1 prod_100p0000
0.1500 100.0000 1 prod_100p0000
0.2000 100.0000 1 prod_100p0000
0.2500 100.0000 1 prod_100p0000
0.3000 100.0000 1 prod_100p0000
0.3500 100.0000 1 prod_100p0000
0.4000 100.0000 1 prod_100p0000
0.4500 100.0000 1 prod_100p0000
