-0.2
-0.199
-0.198
-0.197
-0.196
-0.195
-0.194
-0.193
-0.192
-0.191
-0.19
-0.189
-0.188
-0.187
-0.186
-0.185
-0.184
-0.183
-0.182
-0.181
-0.18
-0.179
-0.178
-0.177
-0.176
-0.175
-0.174
-0.173
-0.172
-0.17099999999999999
-0.16999999999999998
-0.16899999999999998
-0.16799999999999998
-0.16699999999999998
-0.16599999999999998
-0.16499999999999998
-0.16399999999999998
-0.16299999999999998
-0.16199999999999998
-0.16099999999999998
-0.15999999999999998
-0.15899999999999997
-0.15799999999999997
-0.15699999999999997
-0.15599999999999997
-0.15499999999999997
-0.15399999999999997
-0.15299999999999997
-0.15199999999999997
-0.15099999999999997
-0.14999999999999997
-0.14899999999999997
-0.14799999999999996
-0.14699999999999996
-0.14599999999999996
-0.14499999999999996
-0.14399999999999996
-0.14299999999999996
-0.14199999999999996
-0.14099999999999996
-0.13999999999999996
-0.13899999999999996
-0.13799999999999996
-0.13699999999999996
-0.13599999999999995
-0.13499999999999995
-0.13399999999999995
-0.13299999999999995
-0.13199999999999995
-0.13099999999999995
-0.12999999999999995
-0.12899999999999995
-0.12799999999999995
-0.12699999999999995
-0.12599999999999995
-0.12499999999999994
-0.12399999999999994
-0.12299999999999994
-0.12199999999999994
-0.12099999999999994
-0.11999999999999994
-0.11899999999999994
-0.11799999999999994
-0.11699999999999994
-0.11599999999999994
-0.11499999999999994
-0.11399999999999993
-0.11299999999999993
-0.11199999999999993
-0.11099999999999993
-0.10999999999999993
-0.10899999999999993
-0.10799999999999993
-0.10699999999999993
-0.10599999999999993
-0.10499999999999993
-0.10399999999999993
-0.10299999999999992
-0.10199999999999992
-0.10099999999999992
-0.09999999999999992
-0.09899999999999992
-0.09799999999999992
-0.09699999999999992
-0.09599999999999992
-0.09499999999999992
-0.09399999999999992
-0.09299999999999992
-0.09199999999999992
-0.09099999999999991
-0.08999999999999991
-0.08899999999999991
-0.08799999999999991
-0.08699999999999991
-0.08599999999999991
-0.08499999999999991
-0.08399999999999991
-0.08299999999999991
-0.0819999999999999
-0.0809999999999999
-0.0799999999999999
-0.0789999999999999
-0.0779999999999999
-0.0769999999999999
-0.0759999999999999
-0.0749999999999999
-0.0739999999999999
-0.0729999999999999
-0.0719999999999999
-0.0709999999999999
-0.0699999999999999
-0.0689999999999999
-0.0679999999999999
-0.06699999999999989
-0.06599999999999989
-0.06499999999999989
-0.06399999999999989
-0.06299999999999989
-0.06199999999999989
-0.06099999999999989
-0.05999999999999989
-0.058999999999999886
-0.057999999999999885
-0.056999999999999884
-0.05599999999999988
-0.05499999999999988
-0.05399999999999988
-0.05299999999999988
-0.05199999999999988
-0.05099999999999988
-0.04999999999999988
-0.04899999999999988
-0.047999999999999876
-0.046999999999999875
-0.045999999999999874
-0.04499999999999987
-0.04399999999999987
-0.04299999999999987
-0.04199999999999987
-0.04099999999999987
-0.03999999999999987
-0.03899999999999987
-0.03799999999999987
-0.036999999999999866
-0.035999999999999865
-0.034999999999999865
-0.033999999999999864
-0.03299999999999986
-0.03199999999999986
-0.03099999999999986
-0.02999999999999986
-0.02899999999999986
-0.02799999999999986
-0.026999999999999857
-0.025999999999999857
-0.024999999999999856
-0.023999999999999855
-0.022999999999999854
-0.021999999999999853
-0.020999999999999852
-0.01999999999999985
-0.01899999999999985
-0.01799999999999985
-0.01699999999999985
-0.015999999999999848
-0.014999999999999847
-0.013999999999999846
-0.012999999999999845
-0.011999999999999844
-0.010999999999999843
-0.009999999999999842
-0.008999999999999841
-0.00799999999999984
-0.00699999999999984
-0.005999999999999839
-0.004999999999999838
-0.003999999999999837
-0.002999999999999836
-0.0019999999999998352
-0.0009999999999998344
1.6653345369377348e-16
0.0010000000000001674
0.0020000000000001683
0.003000000000000169
0.00400000000000017
0.005000000000000171
0.006000000000000172
0.007000000000000173
0.008000000000000174
0.009000000000000175
0.010000000000000175
0.011000000000000176
0.012000000000000177
0.013000000000000178
0.014000000000000179
0.01500000000000018
0.01600000000000018
0.01700000000000018
0.018000000000000183
0.019000000000000183
0.020000000000000184
0.021000000000000185
0.022000000000000186
0.023000000000000187
0.024000000000000188
0.02500000000000019
0.02600000000000019
0.02700000000000019
0.02800000000000019
0.029000000000000192
0.030000000000000193
0.031000000000000194
0.032000000000000195
0.033000000000000196
0.0340000000000002
0.0350000000000002
0.0360000000000002
0.0370000000000002
0.0380000000000002
0.0390000000000002
0.0400000000000002
0.0410000000000002
0.042000000000000204
0.043000000000000205
0.044000000000000206
0.045000000000000207
0.04600000000000021
0.04700000000000021
0.04800000000000021
0.04900000000000021
0.05000000000000021
0.05100000000000021
0.05200000000000021
0.053000000000000214
0.054000000000000214
0.055000000000000215
0.056000000000000216
0.05700000000000022
0.05800000000000022
0.05900000000000022
0.06000000000000022
0.06100000000000022
0.06200000000000022
0.06300000000000022
0.06400000000000022
0.06500000000000022
0.06600000000000023
0.06700000000000023
0.06800000000000023
0.06900000000000023
0.07000000000000023
0.07100000000000023
0.07200000000000023
0.07300000000000023
0.07400000000000023
0.07500000000000023
0.07600000000000023
0.07700000000000023
0.07800000000000024
0.07900000000000024
0.08000000000000024
0.08100000000000024
0.08200000000000024
0.08300000000000024
0.08400000000000024
0.08500000000000024
0.08600000000000024
0.08700000000000024
0.08800000000000024
0.08900000000000025
0.09000000000000025
0.09100000000000025
0.09200000000000025
0.09300000000000025
0.09400000000000025
0.09500000000000025
0.09600000000000025
0.09700000000000025
0.09800000000000025
0.09900000000000025
0.10000000000000026
0.10100000000000026
0.10200000000000026
0.10300000000000026
0.10400000000000026
0.10500000000000026
0.10600000000000026
0.10700000000000026
0.10800000000000026
0.10900000000000026
0.11000000000000026
0.11100000000000027
0.11200000000000027
0.11300000000000027
0.11400000000000027
0.11500000000000027
0.11600000000000027
0.11700000000000027
0.11800000000000027
0.11900000000000027
0.12000000000000027
0.12100000000000027
0.12200000000000027
0.12300000000000028
0.12400000000000028
0.12500000000000028
0.12600000000000028
0.12700000000000028
0.12800000000000028
0.12900000000000028
0.13000000000000028
0.13100000000000028
0.13200000000000028
0.13300000000000028
0.13400000000000029
0.1350000000000003
0.1360000000000003
0.1370000000000003
0.1380000000000003
0.1390000000000003
0.1400000000000003
0.1410000000000003
0.1420000000000003
0.1430000000000003
0.1440000000000003
0.1450000000000003
0.1460000000000003
0.1470000000000003
0.1480000000000003
0.1490000000000003
0.1500000000000003
0.1510000000000003
0.1520000000000003
0.1530000000000003
0.1540000000000003
0.1550000000000003
0.1560000000000003
0.1570000000000003
0.1580000000000003
0.1590000000000003
0.1600000000000003
0.1610000000000003
0.1620000000000003
0.1630000000000003
0.1640000000000003
0.1650000000000003
0.16600000000000031
0.16700000000000031
0.16800000000000032
0.16900000000000032
0.17000000000000032
0.17100000000000032
0.17200000000000032
0.17300000000000032
0.17400000000000032
0.17500000000000032
0.17600000000000032
0.17700000000000032
0.17800000000000032
0.17900000000000033
0.18000000000000033
0.18100000000000033
0.18200000000000033
0.18300000000000033
0.18400000000000033
0.18500000000000033
0.18600000000000033
0.18700000000000033
0.18800000000000033
0.18900000000000033
0.19000000000000034
0.19100000000000034
0.19200000000000034
0.19300000000000034
0.19400000000000034
0.19500000000000034
0.19600000000000034
0.19700000000000034
0.19800000000000034
0.19900000000000034
0.20000000000000034
0.20100000000000035
0.20200000000000035
0.20300000000000035
0.20400000000000035
0.20500000000000035
0.20600000000000035
0.20700000000000035
0.20800000000000035
0.20900000000000035
0.21000000000000035
0.21100000000000035
0.21200000000000035
0.21300000000000036
0.21400000000000036
0.21500000000000036
0.21600000000000036
0.21700000000000036
0.21800000000000036
0.21900000000000036
0.22000000000000036
0.22100000000000036
0.22200000000000036
0.22300000000000036
0.22400000000000037
0.22500000000000037
0.22600000000000037
0.22700000000000037
0.22800000000000037
0.22900000000000037
0.23000000000000037
0.23100000000000037
0.23200000000000037
0.23300000000000037
0.23400000000000037
0.23500000000000038
0.23600000000000038
0.23700000000000038
0.23800000000000038
0.23900000000000038
0.24000000000000038
0.24100000000000038
0.24200000000000038
0.24300000000000038
0.24400000000000038
0.24500000000000038
0.24600000000000039
0.24700000000000039
0.2480000000000004
0.2490000000000004
0.2500000000000004
0.2510000000000004
0.2520000000000004
0.2530000000000004
0.2540000000000004
0.2550000000000004
0.2560000000000004
0.2570000000000004
0.2580000000000004
0.2590000000000004
0.2600000000000004
0.2610000000000004
0.2620000000000004
0.2630000000000004
0.2640000000000004
0.2650000000000004
0.2660000000000004
0.2670000000000004
0.2680000000000004
0.2690000000000004
0.2700000000000004
0.2710000000000004
0.2720000000000004
0.2730000000000004
0.2740000000000004
0.2750000000000004
0.2760000000000004
0.2770000000000004
0.2780000000000004
0.2790000000000004
0.2800000000000004
0.2810000000000004
0.2820000000000004
0.2830000000000004
0.2840000000000004
0.2850000000000004
0.2860000000000004
0.2870000000000004
0.2880000000000004
0.2890000000000004
0.2900000000000004
0.2910000000000004
0.2920000000000004
0.2930000000000004
0.2940000000000004
0.29500000000000043
0.29600000000000043
0.29700000000000043
0.29800000000000043
0.29900000000000043
0.30000000000000043
0.30100000000000043
0.30200000000000043
0.30300000000000044
0.30400000000000044
0.30500000000000044
0.30600000000000044
0.30700000000000044
0.30800000000000044
0.30900000000000044
0.31000000000000044
0.31100000000000044
0.31200000000000044
0.31300000000000044
0.31400000000000045
0.31500000000000045
0.31600000000000045
0.31700000000000045
0.31800000000000045
0.31900000000000045
0.32000000000000045
0.32100000000000045
0.32200000000000045
0.32300000000000045
0.32400000000000045
0.32500000000000046
0.32600000000000046
0.32700000000000046
0.32800000000000046
0.32900000000000046
0.33000000000000046
0.33100000000000046
0.33200000000000046
0.33300000000000046
0.33400000000000046
0.33500000000000046
0.33600000000000046
0.33700000000000047
0.33800000000000047
0.33900000000000047
0.34000000000000047
0.34100000000000047
0.34200000000000047
0.34300000000000047
0.34400000000000047
0.3450000000000005
0.3460000000000005
0.3470000000000005
0.3480000000000005
0.3490000000000005
0.3500000000000005
0.3510000000000005
0.3520000000000005
0.3530000000000005
0.3540000000000005
0.3550000000000005
0.3560000000000005
0.3570000000000005
0.3580000000000005
0.3590000000000005
0.3600000000000005
0.3610000000000005
0.3620000000000005
0.3630000000000005
0.3640000000000005
0.3650000000000005
0.3660000000000005
0.3670000000000005
0.3680000000000005
0.3690000000000005
0.3700000000000005
0.3710000000000005
0.3720000000000005
0.3730000000000005
0.3740000000000005
0.3750000000000005
0.3760000000000005
0.3770000000000005
0.3780000000000005
0.3790000000000005
0.3800000000000005
0.3810000000000005
0.3820000000000005
0.3830000000000005
0.3840000000000005
0.3850000000000005
0.3860000000000005
0.3870000000000005
0.3880000000000005
0.3890000000000005
0.3900000000000005
0.3910000000000005
0.3920000000000005
0.3930000000000005
0.3940000000000005
0.3950000000000005
0.3960000000000005
0.3970000000000005
0.3980000000000005
0.3990000000000005
0.4000000000000005
0.4010000000000005
0.4020000000000005
0.4030000000000005
0.4040000000000005
0.4050000000000005
0.4060000000000005
0.40700000000000053
0.40800000000000053
0.40900000000000053
0.41000000000000053
0.41100000000000053
0.41200000000000053
0.41300000000000053
0.41400000000000053
0.41500000000000054
0.41600000000000054
0.41700000000000054
0.41800000000000054
0.41900000000000054
0.42000000000000054
0.42100000000000054
0.42200000000000054
0.42300000000000054
0.42400000000000054
0.42500000000000054
0.42600000000000054
0.42700000000000055
0.42800000000000055
0.42900000000000055
0.43000000000000055
0.43100000000000055
0.43200000000000055
0.43300000000000055
0.43400000000000055
0.43500000000000055
0.43600000000000055
0.43700000000000055
0.43800000000000056
0.43900000000000056
0.44000000000000056
0.44100000000000056
0.44200000000000056
0.44300000000000056
0.44400000000000056
0.44500000000000056
0.44600000000000056
0.44700000000000056
0.44800000000000056
0.44900000000000057
0.45000000000000057
0.45100000000000057
0.45200000000000057
0.45300000000000057
0.45400000000000057
0.45500000000000057
0.45600000000000057
0.4570000000000006
0.4580000000000006
0.4590000000000006
0.4600000000000006
0.4610000000000006
0.4620000000000006
0.4630000000000006
0.4640000000000006
0.4650000000000006
0.4660000000000006
0.4670000000000006
0.4680000000000006
0.4690000000000006
0.4700000000000006
0.4710000000000006
0.4720000000000006
0.4730000000000006
0.4740000000000006
0.4750000000000006
0.4760000000000006
0.4770000000000006
0.4780000000000006
0.4790000000000006
0.4800000000000006
0.4810000000000006
0.4820000000000006
0.4830000000000006
0.4840000000000006
0.4850000000000006
0.4860000000000006
0.4870000000000006
0.4880000000000006
0.4890000000000006
0.4900000000000006
0.4910000000000006
0.4920000000000006
0.4930000000000006
0.4940000000000006
0.4950000000000006
0.4960000000000006
0.4970000000000006
0.4980000000000006
0.4990000000000006
0.5000000000000007
0.5010000000000006
0.5020000000000007
0.5030000000000006
0.5040000000000007
0.5050000000000006
0.5060000000000007
0.5070000000000006
0.5080000000000007
0.5090000000000006
0.5100000000000007
0.5110000000000006
0.5120000000000007
0.5130000000000006
0.5140000000000007
0.5150000000000006
0.5160000000000007
0.5170000000000006
0.5180000000000007
0.5190000000000006
0.5200000000000007
0.5210000000000006
0.5220000000000007
0.5230000000000006
0.5240000000000007
0.5250000000000006
0.5260000000000007
0.5270000000000006
0.5280000000000007
0.5290000000000006
0.5300000000000007
0.5310000000000006
0.5320000000000007
0.5330000000000006
0.5340000000000007
0.5350000000000006
0.5360000000000007
0.5370000000000006
0.5380000000000007
0.5390000000000006
0.5400000000000007
0.5410000000000006
0.5420000000000007
0.5430000000000006
0.5440000000000007
0.5450000000000006
0.5460000000000007
0.5470000000000006
0.5480000000000007
0.5490000000000006
0.5500000000000007
0.5510000000000006
0.5520000000000007
0.5530000000000006
0.5540000000000007
0.5550000000000006
0.5560000000000007
0.5570000000000006
0.5580000000000007
0.5590000000000006
0.5600000000000007
0.5610000000000006
0.5620000000000007
0.5630000000000006
0.5640000000000007
0.5650000000000006
0.5660000000000007
0.5670000000000006
0.5680000000000007
0.5690000000000006
0.5700000000000007
0.5710000000000006
0.5720000000000007
0.5730000000000006
0.5740000000000007
0.5750000000000006
0.5760000000000007
0.5770000000000006
0.5780000000000007
0.5790000000000006
0.5800000000000007
0.5810000000000006
0.5820000000000007
0.5830000000000006
0.5840000000000007
0.5850000000000006
0.5860000000000007
0.5870000000000006
0.5880000000000007
0.5890000000000006
0.5900000000000007
0.5910000000000006
0.5920000000000007
0.5930000000000006
0.5940000000000007
0.5950000000000006
0.5960000000000008
0.5970000000000006
0.5980000000000008
0.5990000000000006
