30.0 120.0 -0.2
30.0 120.0 -0.19920000000000002
30.0 120.0 -0.19840000000000002
30.0 120.0 -0.1976
30.0 120.0 -0.1968
30.0 120.0 -0.196
30.0 120.0 -0.1952
30.0 120.0 -0.19440000000000002
30.0 120.0 -0.19360000000000002
30.0 120.0 -0.1928
30.0 120.0 -0.192
30.0 120.0 -0.1912
30.0 120.0 -0.1904
30.0 120.0 -0.18960000000000002
30.0 120.0 -0.18880000000000002
30.0 120.0 -0.188
30.0 120.0 -0.1872
30.0 120.0 -0.1864
30.0 120.0 -0.18560000000000001
30.0 120.0 -0.18480000000000002
30.0 120.0 -0.184
30.0 120.0 -0.1832
30.0 120.0 -0.1824
30.0 120.0 -0.1816
30.0 120.0 -0.18080000000000002
30.0 120.0 -0.18000000000000002
30.0 120.0 -0.1792
30.0 120.0 -0.1784
30.0 120.0 -0.1776
30.0 120.0 -0.1768
30.0 120.0 -0.17600000000000002
30.0 120.0 -0.17520000000000002
30.0 120.0 -0.1744
30.0 120.0 -0.1736
30.0 120.0 -0.1728
30.0 120.0 -0.17200000000000001
30.0 120.0 -0.17120000000000002
30.0 120.0 -0.1704
30.0 120.0 -0.1696
30.0 120.0 -0.1688
30.0 120.0 -0.168
30.0 120.0 -0.16720000000000002
30.0 120.0 -0.1664
30.0 120.0 -0.16560000000000002
30.0 120.0 -0.1648
30.0 120.0 -0.164
30.0 120.0 -0.1632
30.0 120.0 -0.16240000000000002
30.0 120.0 -0.16160000000000002
30.0 120.0 -0.1608
30.0 120.0 -0.16
30.0 120.0 -0.1592
30.0 120.0 -0.1584
30.0 120.0 -0.15760000000000002
30.0 120.0 -0.1568
30.0 120.0 -0.156
30.0 120.0 -0.1552
30.0 120.0 -0.1544
30.0 120.0 -0.15360000000000001
30.0 120.0 -0.15280000000000002
30.0 120.0 -0.15200000000000002
30.0 120.0 -0.1512
30.0 120.0 -0.1504
30.0 120.0 -0.1496
30.0 120.0 -0.14880000000000002
30.0 120.0 -0.14800000000000002
30.0 120.0 -0.1472
30.0 120.0 -0.1464
30.0 120.0 -0.1456
30.0 120.0 -0.1448
30.0 120.0 -0.14400000000000002
30.0 120.0 -0.1432
30.0 120.0 -0.1424
30.0 120.0 -0.1416
30.0 120.0 -0.1408
30.0 120.0 -0.14
30.0 120.0 -0.13920000000000002
30.0 120.0 -0.13840000000000002
30.0 120.0 -0.1376
30.0 120.0 -0.1368
30.0 120.0 -0.136
30.0 120.0 -0.13520000000000001
30.0 120.0 -0.13440000000000002
30.0 120.0 -0.1336
30.0 120.0 -0.1328
30.0 120.0 -0.132
30.0 120.0 -0.1312
30.0 120.0 -0.13040000000000002
30.0 120.0 -0.1296
30.0 120.0 -0.12880000000000003
30.0 120.0 -0.128
30.0 120.0 -0.1272
30.0 120.0 -0.1264
30.0 120.0 -0.1256
30.0 120.0 -0.12480000000000001
30.0 120.0 -0.12400000000000001
30.0 120.0 -0.1232
30.0 120.0 -0.12240000000000001
30.0 120.0 -0.12160000000000001
30.0 120.0 -0.1208
30.0 120.0 -0.12000000000000001
30.0 120.0 -0.1192
30.0 120.0 -0.1184
30.0 120.0 -0.11760000000000001
30.0 120.0 -0.1168
30.0 120.0 -0.116
30.0 120.0 -0.11520000000000001
30.0 120.0 -0.1144
30.0 120.0 -0.1136
30.0 120.0 -0.11280000000000001
30.0 120.0 -0.112
30.0 120.0 -0.11120000000000001
30.0 120.0 -0.11040000000000001
30.0 120.0 -0.1096
30.0 120.0 -0.10880000000000001
30.0 120.0 -0.10800000000000001
30.0 120.0 -0.1072
30.0 120.0 -0.10640000000000001
30.0 120.0 -0.10560000000000001
30.0 120.0 -0.1048
30.0 120.0 -0.10400000000000001
30.0 120.0 -0.1032
30.0 120.0 -0.1024
30.0 120.0 -0.10160000000000001
30.0 120.0 -0.1008
30.0 120.0 -0.1
30.0 120.0 -0.09920000000000001
30.0 120.0 -0.0984
30.0 120.0 -0.0976
30.0 120.0 -0.09680000000000001
30.0 120.0 -0.096
30.0 120.0 -0.0952
30.0 120.0 -0.09440000000000001
30.0 120.0 -0.0936
30.0 120.0 -0.09280000000000001
30.0 120.0 -0.09200000000000001
30.0 120.0 -0.0912
30.0 120.0 -0.09040000000000001
30.0 120.0 -0.0896
30.0 120.0 -0.0888
30.0 120.0 -0.08800000000000001
30.0 120.0 -0.0872
30.0 120.0 -0.0864
30.0 120.0 -0.08560000000000001
30.0 120.0 -0.0848
30.0 120.0 -0.084
30.0 120.0 -0.08320000000000001
30.0 120.0 -0.0824
30.0 120.0 -0.0816
30.0 120.0 -0.08080000000000001
30.0 120.0 -0.08
30.0 120.0 -0.0792
30.0 120.0 -0.07840000000000001
30.0 120.0 -0.0776
30.0 120.0 -0.07680000000000001
30.0 120.0 -0.07600000000000001
30.0 120.0 -0.0752
30.0 120.0 -0.0744
30.0 120.0 -0.0736
30.0 120.0 -0.0728
30.0 120.0 -0.07200000000000001
30.0 120.0 -0.07120000000000001
30.0 120.0 -0.07040000000000002
30.0 120.0 -0.0696
30.0 120.0 -0.0688
30.0 120.0 -0.068
30.0 120.0 -0.06720000000000001
30.0 120.0 -0.06640000000000001
30.0 120.0 -0.06559999999999999
30.0 120.0 -0.0648
30.0 120.0 -0.064
30.0 120.0 -0.0632
30.0 120.0 -0.06240000000000001
30.0 120.0 -0.061600000000000016
30.0 120.0 -0.06079999999999999
30.0 120.0 -0.06
30.0 120.0 -0.0592
30.0 120.0 -0.05840000000000001
30.0 120.0 -0.05760000000000001
30.0 120.0 -0.05680000000000002
30.0 120.0 -0.055999999999999994
30.0 120.0 -0.0552
30.0 120.0 -0.054400000000000004
30.0 120.0 -0.05360000000000001
30.0 120.0 -0.052800000000000014
30.0 120.0 -0.05199999999999999
30.0 120.0 -0.051199999999999996
30.0 120.0 -0.0504
30.0 120.0 -0.049600000000000005
30.0 120.0 -0.04880000000000001
30.0 120.0 -0.048000000000000015
30.0 120.0 -0.04719999999999999
30.0 120.0 -0.0464
30.0 120.0 -0.0456
30.0 120.0 -0.044800000000000006
30.0 120.0 -0.04400000000000001
30.0 120.0 -0.043200000000000016
30.0 120.0 -0.04239999999999999
30.0 120.0 -0.0416
30.0 120.0 -0.0408
30.0 120.0 -0.04000000000000001
30.0 120.0 -0.03920000000000001
30.0 120.0 -0.03839999999999999
30.0 120.0 -0.037599999999999995
30.0 120.0 -0.0368
30.0 120.0 -0.036000000000000004
30.0 120.0 -0.03520000000000001
30.0 120.0 -0.034400000000000014
30.0 120.0 -0.03359999999999999
30.0 120.0 -0.032799999999999996
30.0 120.0 -0.032
30.0 120.0 -0.031200000000000006
30.0 120.0 -0.03040000000000001
30.0 120.0 -0.029600000000000015
30.0 120.0 -0.028799999999999992
30.0 120.0 -0.027999999999999997
30.0 120.0 -0.027200000000000002
30.0 120.0 -0.026400000000000007
30.0 120.0 -0.02560000000000001
30.0 120.0 -0.024800000000000016
30.0 120.0 -0.023999999999999994
30.0 120.0 -0.0232
30.0 120.0 -0.022400000000000003
30.0 120.0 -0.021600000000000008
30.0 120.0 -0.020800000000000013
30.0 120.0 -0.01999999999999999
30.0 120.0 -0.019199999999999995
30.0 120.0 -0.0184
30.0 120.0 -0.017600000000000005
30.0 120.0 -0.01680000000000001
30.0 120.0 -0.016000000000000014
30.0 120.0 -0.015199999999999991
30.0 120.0 -0.014399999999999996
30.0 120.0 -0.013600000000000001
30.0 120.0 -0.012800000000000006
30.0 120.0 -0.01200000000000001
30.0 120.0 -0.011200000000000015
30.0 120.0 -0.010399999999999993
30.0 120.0 -0.009599999999999997
30.0 120.0 -0.008800000000000002
30.0 120.0 -0.008000000000000007
30.0 120.0 -0.007200000000000012
30.0 120.0 -0.006399999999999989
30.0 120.0 -0.005599999999999994
30.0 120.0 -0.004799999999999999
30.0 120.0 -0.0040000000000000036
30.0 120.0 -0.0032000000000000084
30.0 120.0 -0.0024000000000000132
30.0 120.0 -0.0015999999999999903
30.0 120.0 -0.0007999999999999952
30.0 120.0 0.0
30.0 120.0 0.0007999999999999952
30.0 120.0 0.0015999999999999903
30.0 120.0 0.0023999999999999855
30.0 120.0 0.0032000000000000084
30.0 120.0 0.0040000000000000036
30.0 120.0 0.004799999999999999
30.0 120.0 0.005599999999999994
30.0 120.0 0.006399999999999989
30.0 120.0 0.007200000000000012
30.0 120.0 0.008000000000000007
30.0 120.0 0.008800000000000002
30.0 120.0 0.009599999999999997
30.0 120.0 0.010399999999999993
30.0 120.0 0.011199999999999988
30.0 120.0 0.01200000000000001
30.0 120.0 0.012800000000000006
30.0 120.0 0.013600000000000001
30.0 120.0 0.014399999999999996
30.0 120.0 0.015199999999999991
30.0 120.0 0.015999999999999986
30.0 120.0 0.01680000000000001
30.0 120.0 0.017600000000000005
30.0 120.0 0.0184
30.0 120.0 0.019199999999999995
30.0 120.0 0.01999999999999999
30.0 120.0 0.020800000000000013
30.0 120.0 0.021600000000000008
30.0 120.0 0.022400000000000003
30.0 120.0 0.0232
30.0 120.0 0.023999999999999994
30.0 120.0 0.02479999999999999
30.0 120.0 0.02560000000000001
30.0 120.0 0.026400000000000007
30.0 120.0 0.027200000000000002
30.0 120.0 0.027999999999999997
30.0 120.0 0.028799999999999992
30.0 120.0 0.029599999999999987
30.0 120.0 0.03040000000000001
30.0 120.0 0.031200000000000006
30.0 120.0 0.032
30.0 120.0 0.032799999999999996
30.0 120.0 0.03359999999999999
30.0 120.0 0.034400000000000014
30.0 120.0 0.03520000000000001
30.0 120.0 0.036000000000000004
30.0 120.0 0.0368
30.0 120.0 0.037599999999999995
30.0 120.0 0.03839999999999999
30.0 120.0 0.03920000000000001
30.0 120.0 0.04000000000000001
30.0 120.0 0.0408
30.0 120.0 0.0416
30.0 120.0 0.04239999999999999
30.0 120.0 0.04319999999999999
30.0 120.0 0.04400000000000001
30.0 120.0 0.044800000000000006
30.0 120.0 0.0456
30.0 120.0 0.0464
30.0 120.0 0.04719999999999999
30.0 120.0 0.04799999999999999
30.0 120.0 0.04880000000000001
30.0 120.0 0.049600000000000005
30.0 120.0 0.0504
30.0 120.0 0.05120000000000002
30.0 120.0 0.05199999999999999
30.0 120.0 0.052800000000000014
30.0 120.0 0.05359999999999998
30.0 120.0 0.054400000000000004
30.0 120.0 0.05520000000000003
30.0 120.0 0.055999999999999994
30.0 120.0 0.05680000000000002
30.0 120.0 0.057599999999999985
30.0 120.0 0.05840000000000001
30.0 120.0 0.059199999999999975
30.0 120.0 0.06
30.0 120.0 0.06080000000000002
30.0 120.0 0.06159999999999999
30.0 120.0 0.06240000000000001
30.0 120.0 0.06319999999999998
30.0 120.0 0.064
30.0 120.0 0.06480000000000002
30.0 120.0 0.06559999999999999
30.0 120.0 0.06640000000000001
30.0 120.0 0.06719999999999998
30.0 120.0 0.068
30.0 120.0 0.06880000000000003
30.0 120.0 0.0696
30.0 120.0 0.07040000000000002
30.0 120.0 0.07119999999999999
30.0 120.0 0.07200000000000001
30.0 120.0 0.07279999999999998
30.0 120.0 0.0736
30.0 120.0 0.07440000000000002
30.0 120.0 0.07519999999999999
30.0 120.0 0.07600000000000001
30.0 120.0 0.07679999999999998
30.0 120.0 0.0776
30.0 120.0 0.07840000000000003
30.0 120.0 0.07919999999999999
30.0 120.0 0.08000000000000002
30.0 120.0 0.08079999999999998
30.0 120.0 0.0816
30.0 120.0 0.08240000000000003
30.0 120.0 0.0832
30.0 120.0 0.08400000000000002
30.0 120.0 0.08479999999999999
30.0 120.0 0.08560000000000001
30.0 120.0 0.08639999999999998
30.0 120.0 0.0872
30.0 120.0 0.08800000000000002
30.0 120.0 0.08879999999999999
30.0 120.0 0.08960000000000001
30.0 120.0 0.09039999999999998
30.0 120.0 0.0912
30.0 120.0 0.09200000000000003
30.0 120.0 0.0928
30.0 120.0 0.09360000000000002
30.0 120.0 0.09439999999999998
30.0 120.0 0.0952
30.0 120.0 0.09600000000000003
30.0 120.0 0.0968
30.0 120.0 0.09760000000000002
30.0 120.0 0.09839999999999999
30.0 120.0 0.09920000000000001
30.0 120.0 0.09999999999999998
30.0 120.0 0.1008
30.0 120.0 0.10160000000000002
30.0 120.0 0.10239999999999999
30.0 120.0 0.10320000000000001
30.0 120.0 0.10399999999999998
30.0 120.0 0.1048
30.0 120.0 0.10560000000000003
30.0 120.0 0.1064
30.0 120.0 0.10720000000000002
30.0 120.0 0.10799999999999998
30.0 120.0 0.10880000000000001
30.0 120.0 0.10960000000000003
30.0 120.0 0.1104
30.0 120.0 0.11120000000000002
30.0 120.0 0.11199999999999999
30.0 120.0 0.11280000000000001
30.0 120.0 0.11359999999999998
30.0 120.0 0.1144
30.0 120.0 0.11520000000000002
30.0 120.0 0.11599999999999999
30.0 120.0 0.11680000000000001
30.0 120.0 0.11759999999999998
30.0 120.0 0.1184
30.0 120.0 0.11920000000000003
30.0 120.0 0.12
30.0 120.0 0.12080000000000002
30.0 120.0 0.12159999999999999
30.0 120.0 0.12240000000000001
30.0 120.0 0.12320000000000003
30.0 120.0 0.124
30.0 120.0 0.12480000000000002
30.0 120.0 0.1256
30.0 120.0 0.1264
30.0 120.0 0.12719999999999998
30.0 120.0 0.128
30.0 120.0 0.12880000000000003
30.0 120.0 0.1296
30.0 120.0 0.13040000000000002
30.0 120.0 0.13119999999999998
30.0 120.0 0.132
30.0 120.0 0.13280000000000003
30.0 120.0 0.1336
30.0 120.0 0.13440000000000002
30.0 120.0 0.1352
30.0 120.0 0.136
30.0 120.0 0.13680000000000003
30.0 120.0 0.1376
30.0 120.0 0.13840000000000002
30.0 120.0 0.1392
30.0 120.0 0.14
30.0 120.0 0.14079999999999998
30.0 120.0 0.1416
30.0 120.0 0.14240000000000003
30.0 120.0 0.1432
30.0 120.0 0.14400000000000002
30.0 120.0 0.14479999999999998
30.0 120.0 0.1456
30.0 120.0 0.14640000000000003
30.0 120.0 0.1472
30.0 120.0 0.14800000000000002
30.0 120.0 0.1488
30.0 120.0 0.1496
30.0 120.0 0.15039999999999998
30.0 120.0 0.1512
30.0 120.0 0.15200000000000002
30.0 120.0 0.1528
30.0 120.0 0.15360000000000001
30.0 120.0 0.15439999999999998
30.0 120.0 0.1552
30.0 120.0 0.15600000000000003
30.0 120.0 0.1568
30.0 120.0 0.15760000000000002
30.0 120.0 0.15839999999999999
30.0 120.0 0.1592
30.0 120.0 0.16000000000000003
30.0 120.0 0.1608
30.0 120.0 0.16160000000000002
30.0 120.0 0.1624
30.0 120.0 0.1632
30.0 120.0 0.16399999999999998
30.0 120.0 0.1648
30.0 120.0 0.16560000000000002
30.0 120.0 0.1664
30.0 120.0 0.16720000000000002
30.0 120.0 0.16799999999999998
30.0 120.0 0.1688
30.0 120.0 0.16960000000000003
30.0 120.0 0.1704
30.0 120.0 0.17120000000000002
30.0 120.0 0.172
30.0 120.0 0.1728
30.0 120.0 0.17360000000000003
30.0 120.0 0.1744
30.0 120.0 0.17520000000000002
30.0 120.0 0.176
30.0 120.0 0.1768
30.0 120.0 0.17759999999999998
30.0 120.0 0.1784
30.0 120.0 0.17920000000000003
30.0 120.0 0.18
30.0 120.0 0.18080000000000002
30.0 120.0 0.18159999999999998
30.0 120.0 0.1824
30.0 120.0 0.18320000000000003
30.0 120.0 0.184
30.0 120.0 0.18480000000000002
30.0 120.0 0.1856
30.0 120.0 0.1864
30.0 120.0 0.18720000000000003
30.0 120.0 0.188
30.0 120.0 0.18880000000000002
30.0 120.0 0.1896
30.0 120.0 0.1904
30.0 120.0 0.19119999999999998
30.0 120.0 0.192
30.0 120.0 0.19280000000000003
30.0 120.0 0.1936
30.0 120.0 0.19440000000000002
30.0 120.0 0.19519999999999998
30.0 120.0 0.196
30.0 120.0 0.19680000000000003
30.0 120.0 0.1976
30.0 120.0 0.19840000000000002
30.0 120.0 0.1992
30.0 120.0 0.2
30.0 120.0 0.20080000000000003
30.0 120.0 0.2016
30.0 120.0 0.20240000000000002
30.0 120.0 0.2032
30.0 120.0 0.20400000000000001
30.0 120.0 0.20479999999999998
30.0 120.0 0.2056
30.0 120.0 0.20640000000000003
30.0 120.0 0.2072
30.0 120.0 0.20800000000000002
30.0 120.0 0.20879999999999999
30.0 120.0 0.2096
30.0 120.0 0.21040000000000003
30.0 120.0 0.2112
30.0 120.0 0.21200000000000002
30.0 120.0 0.2128
30.0 120.0 0.2136
30.0 120.0 0.21440000000000003
30.0 120.0 0.2152
30.0 120.0 0.21600000000000003
30.0 120.0 0.2168
30.0 120.0 0.21760000000000002
30.0 120.0 0.21839999999999998
30.0 120.0 0.2192
30.0 120.0 0.22000000000000003
30.0 120.0 0.2208
30.0 120.0 0.22160000000000002
30.0 120.0 0.2224
30.0 120.0 0.2232
30.0 120.0 0.22400000000000003
30.0 120.0 0.2248
30.0 120.0 0.22560000000000002
30.0 120.0 0.2264
30.0 120.0 0.2272
30.0 120.0 0.22800000000000004
30.0 120.0 0.2288
30.0 120.0 0.22960000000000003
30.0 120.0 0.2304
30.0 120.0 0.23120000000000002
30.0 120.0 0.23199999999999998
30.0 120.0 0.2328
30.0 120.0 0.23360000000000003
30.0 120.0 0.2344
30.0 120.0 0.23520000000000002
30.0 120.0 0.236
30.0 120.0 0.2368
30.0 120.0 0.23760000000000003
30.0 120.0 0.2384
30.0 120.0 0.23920000000000002
30.0 120.0 0.24
30.0 120.0 0.24080000000000001
30.0 120.0 0.24160000000000004
30.0 120.0 0.2424
30.0 120.0 0.24320000000000003
30.0 120.0 0.244
30.0 120.0 0.24480000000000002
30.0 120.0 0.24559999999999998
30.0 120.0 0.2464
30.0 120.0 0.24720000000000003
30.0 120.0 0.248
30.0 120.0 0.24880000000000002
30.0 120.0 0.2496
30.0 120.0 0.2504
30.0 120.0 0.25120000000000003
30.0 120.0 0.252
30.0 120.0 0.2528
30.0 120.0 0.2536
30.0 120.0 0.2544
30.0 120.0 0.25520000000000004
30.0 120.0 0.256
30.0 120.0 0.25680000000000003
30.0 120.0 0.2576
30.0 120.0 0.2584
30.0 120.0 0.2592
30.0 120.0 0.26
30.0 120.0 0.26080000000000003
30.0 120.0 0.2616
30.0 120.0 0.2624
30.0 120.0 0.2632
30.0 120.0 0.264
30.0 120.0 0.26480000000000004
30.0 120.0 0.2656
30.0 120.0 0.2664
30.0 120.0 0.2672
30.0 120.0 0.268
30.0 120.0 0.26880000000000004
30.0 120.0 0.2696
30.0 120.0 0.27040000000000003
30.0 120.0 0.2712
30.0 120.0 0.272
30.0 120.0 0.2728
30.0 120.0 0.2736
30.0 120.0 0.27440000000000003
30.0 120.0 0.2752
30.0 120.0 0.276
30.0 120.0 0.2768
30.0 120.0 0.2776
30.0 120.0 0.27840000000000004
30.0 120.0 0.2792
30.0 120.0 0.28
30.0 120.0 0.2808
30.0 120.0 0.2816
30.0 120.0 0.2824
30.0 120.0 0.2832
30.0 120.0 0.28400000000000003
30.0 120.0 0.2848
30.0 120.0 0.2856
30.0 120.0 0.2864
30.0 120.0 0.2872
30.0 120.0 0.28800000000000003
30.0 120.0 0.2888
30.0 120.0 0.2896
30.0 120.0 0.2904
30.0 120.0 0.2912
30.0 120.0 0.29200000000000004
30.0 120.0 0.2928
30.0 120.0 0.2936
30.0 120.0 0.2944
30.0 120.0 0.2952
30.0 120.0 0.296
30.0 120.0 0.2968
30.0 120.0 0.29760000000000003
30.0 120.0 0.2984
30.0 120.0 0.2992
30.0 120.0 0.3
30.0 120.0 0.3008
30.0 120.0 0.30160000000000003
30.0 120.0 0.30240000000000006
30.0 120.0 0.30319999999999997
30.0 120.0 0.304
30.0 120.0 0.3048
30.0 120.0 0.30560000000000004
30.0 120.0 0.30640000000000006
30.0 120.0 0.3072
30.0 120.0 0.308
30.0 120.0 0.3088
30.0 120.0 0.30960000000000004
30.0 120.0 0.31040000000000006
30.0 120.0 0.3112
30.0 120.0 0.312
30.0 120.0 0.3128
30.0 120.0 0.31360000000000005
30.0 120.0 0.31440000000000007
30.0 120.0 0.3152
30.0 120.0 0.316
30.0 120.0 0.3168
30.0 120.0 0.31760000000000005
30.0 120.0 0.31839999999999996
30.0 120.0 0.3192
30.0 120.0 0.32
30.0 120.0 0.32080000000000003
30.0 120.0 0.32160000000000005
30.0 120.0 0.32239999999999996
30.0 120.0 0.3232
30.0 120.0 0.324
30.0 120.0 0.32480000000000003
30.0 120.0 0.32560000000000006
30.0 120.0 0.32639999999999997
30.0 120.0 0.3272
30.0 120.0 0.328
30.0 120.0 0.32880000000000004
30.0 120.0 0.32960000000000006
30.0 120.0 0.33039999999999997
30.0 120.0 0.3312
30.0 120.0 0.332
30.0 120.0 0.33280000000000004
30.0 120.0 0.33360000000000006
30.0 120.0 0.3344
30.0 120.0 0.3352
30.0 120.0 0.336
30.0 120.0 0.33680000000000004
30.0 120.0 0.33760000000000007
30.0 120.0 0.3384
30.0 120.0 0.3392
30.0 120.0 0.34
30.0 120.0 0.34080000000000005
30.0 120.0 0.34160000000000007
30.0 120.0 0.3424
30.0 120.0 0.3432
30.0 120.0 0.34400000000000003
30.0 120.0 0.34480000000000005
30.0 120.0 0.34559999999999996
30.0 120.0 0.3464
30.0 120.0 0.3472
30.0 120.0 0.34800000000000003
30.0 120.0 0.34880000000000005
30.0 120.0 0.34959999999999997
30.0 120.0 0.3504
30.0 120.0 0.3512
30.0 120.0 0.35200000000000004
30.0 120.0 0.35280000000000006
30.0 120.0 0.35359999999999997
30.0 120.0 0.3544
30.0 120.0 0.3552
30.0 120.0 0.35600000000000004
30.0 120.0 0.35680000000000006
30.0 120.0 0.3576
30.0 120.0 0.3584
30.0 120.0 0.3592
30.0 120.0 0.36000000000000004
30.0 120.0 0.36080000000000007
30.0 120.0 0.3616
30.0 120.0 0.3624
30.0 120.0 0.3632
30.0 120.0 0.36400000000000005
30.0 120.0 0.36480000000000007
30.0 120.0 0.3656
30.0 120.0 0.3664
30.0 120.0 0.3672
30.0 120.0 0.36800000000000005
30.0 120.0 0.36879999999999996
30.0 120.0 0.3696
30.0 120.0 0.3704
30.0 120.0 0.37120000000000003
30.0 120.0 0.37200000000000005
30.0 120.0 0.37279999999999996
30.0 120.0 0.3736
30.0 120.0 0.3744
30.0 120.0 0.37520000000000003
30.0 120.0 0.37600000000000006
30.0 120.0 0.37679999999999997
30.0 120.0 0.3776
30.0 120.0 0.3784
30.0 120.0 0.37920000000000004
30.0 120.0 0.38000000000000006
30.0 120.0 0.38079999999999997
30.0 120.0 0.3816
30.0 120.0 0.3824
30.0 120.0 0.38320000000000004
30.0 120.0 0.38400000000000006
30.0 120.0 0.3848
30.0 120.0 0.3856
30.0 120.0 0.3864
30.0 120.0 0.38720000000000004
30.0 120.0 0.38800000000000007
30.0 120.0 0.3888
30.0 120.0 0.3896
30.0 120.0 0.3904
30.0 120.0 0.39120000000000005
30.0 120.0 0.39200000000000007
30.0 120.0 0.3928
30.0 120.0 0.3936
30.0 120.0 0.39440000000000003
30.0 120.0 0.39520000000000005
30.0 120.0 0.39599999999999996
30.0 120.0 0.3968
30.0 120.0 0.3976
30.0 120.0 0.39840000000000003
30.0 120.0 0.39920000000000005
30.0 120.0 0.39999999999999997
30.0 120.0 0.4008
30.0 120.0 0.4016
30.0 120.0 0.40240000000000004
30.0 120.0 0.40320000000000006
30.0 120.0 0.40399999999999997
30.0 120.0 0.4048
30.0 120.0 0.4056
30.0 120.0 0.40640000000000004
30.0 120.0 0.40720000000000006
30.0 120.0 0.408
30.0 120.0 0.4088
30.0 120.0 0.4096
30.0 120.0 0.41040000000000004
30.0 120.0 0.41120000000000007
30.0 120.0 0.412
30.0 120.0 0.4128
30.0 120.0 0.4136
30.0 120.0 0.41440000000000005
30.0 120.0 0.41520000000000007
30.0 120.0 0.416
30.0 120.0 0.4168
30.0 120.0 0.4176
30.0 120.0 0.41840000000000005
30.0 120.0 0.4192000000000001
30.0 120.0 0.42
30.0 120.0 0.4208
30.0 120.0 0.42160000000000003
30.0 120.0 0.42240000000000005
30.0 120.0 0.42319999999999997
30.0 120.0 0.424
30.0 120.0 0.4248
30.0 120.0 0.42560000000000003
30.0 120.0 0.42640000000000006
30.0 120.0 0.42719999999999997
30.0 120.0 0.428
30.0 120.0 0.4288
30.0 120.0 0.42960000000000004
30.0 120.0 0.43040000000000006
30.0 120.0 0.43119999999999997
30.0 120.0 0.432
30.0 120.0 0.4328
30.0 120.0 0.43360000000000004
30.0 120.0 0.43440000000000006
30.0 120.0 0.4352
30.0 120.0 0.436
30.0 120.0 0.4368
30.0 120.0 0.43760000000000004
30.0 120.0 0.43840000000000007
30.0 120.0 0.4392
30.0 120.0 0.44
30.0 120.0 0.4408
30.0 120.0 0.44160000000000005
30.0 120.0 0.44240000000000007
30.0 120.0 0.4432
30.0 120.0 0.444
30.0 120.0 0.44480000000000003
30.0 120.0 0.44560000000000005
30.0 120.0 0.4464000000000001
30.0 120.0 0.4472
30.0 120.0 0.448
30.0 120.0 0.44880000000000003
30.0 120.0 0.44960000000000006
30.0 120.0 0.45039999999999997
30.0 120.0 0.4512
30.0 120.0 0.452
30.0 120.0 0.45280000000000004
30.0 120.0 0.45360000000000006
30.0 120.0 0.45439999999999997
30.0 120.0 0.4552
30.0 120.0 0.456
30.0 120.0 0.45680000000000004
30.0 120.0 0.45760000000000006
30.0 120.0 0.4584
30.0 120.0 0.4592
30.0 120.0 0.46
30.0 120.0 0.46080000000000004
30.0 120.0 0.46160000000000007
30.0 120.0 0.4624
30.0 120.0 0.4632
30.0 120.0 0.464
30.0 120.0 0.46480000000000005
30.0 120.0 0.46560000000000007
30.0 120.0 0.4664
30.0 120.0 0.4672
30.0 120.0 0.468
30.0 120.0 0.46880000000000005
30.0 120.0 0.4696000000000001
30.0 120.0 0.4704
30.0 120.0 0.4712
30.0 120.0 0.47200000000000003
30.0 120.0 0.47280000000000005
30.0 120.0 0.4736000000000001
30.0 120.0 0.4744
30.0 120.0 0.4752
30.0 120.0 0.47600000000000003
30.0 120.0 0.47680000000000006
30.0 120.0 0.47759999999999997
30.0 120.0 0.4784
30.0 120.0 0.4792
30.0 120.0 0.48000000000000004
30.0 120.0 0.48080000000000006
30.0 120.0 0.4816
30.0 120.0 0.4824
30.0 120.0 0.4832
30.0 120.0 0.48400000000000004
30.0 120.0 0.48480000000000006
30.0 120.0 0.4856
30.0 120.0 0.4864
30.0 120.0 0.4872
30.0 120.0 0.48800000000000004
30.0 120.0 0.48880000000000007
30.0 120.0 0.4896
30.0 120.0 0.4904
30.0 120.0 0.4912
30.0 120.0 0.49200000000000005
30.0 120.0 0.49280000000000007
30.0 120.0 0.4936
30.0 120.0 0.4944
30.0 120.0 0.49520000000000003
30.0 120.0 0.49600000000000005
30.0 120.0 0.4968000000000001
30.0 120.0 0.4976
30.0 120.0 0.4984
30.0 120.0 0.49920000000000003
30.0 120.0 0.5
30.0 120.0 0.5007999999999999
30.0 120.0 0.5016
30.0 120.0 0.5024
30.0 120.0 0.5032000000000001
30.0 120.0 0.504
30.0 120.0 0.5047999999999999
30.0 120.0 0.5056
30.0 120.0 0.5064
30.0 120.0 0.5072000000000001
30.0 120.0 0.508
30.0 120.0 0.5087999999999999
30.0 120.0 0.5096
30.0 120.0 0.5104
30.0 120.0 0.5112000000000001
30.0 120.0 0.512
30.0 120.0 0.5127999999999999
30.0 120.0 0.5136000000000001
30.0 120.0 0.5144
30.0 120.0 0.5152000000000001
30.0 120.0 0.516
30.0 120.0 0.5167999999999999
30.0 120.0 0.5176000000000001
30.0 120.0 0.5184
30.0 120.0 0.5192000000000001
30.0 120.0 0.52
30.0 120.0 0.5207999999999999
30.0 120.0 0.5216000000000001
30.0 120.0 0.5224
30.0 120.0 0.5232000000000001
30.0 120.0 0.524
30.0 120.0 0.5247999999999999
30.0 120.0 0.5256000000000001
30.0 120.0 0.5264
30.0 120.0 0.5272000000000001
30.0 120.0 0.528
30.0 120.0 0.5287999999999999
30.0 120.0 0.5296000000000001
30.0 120.0 0.5304
30.0 120.0 0.5312000000000001
30.0 120.0 0.532
30.0 120.0 0.5327999999999999
30.0 120.0 0.5336000000000001
30.0 120.0 0.5344
30.0 120.0 0.5352000000000001
30.0 120.0 0.536
30.0 120.0 0.5367999999999999
30.0 120.0 0.5376000000000001
30.0 120.0 0.5384
30.0 120.0 0.5392000000000001
30.0 120.0 0.54
30.0 120.0 0.5408
30.0 120.0 0.5416000000000001
30.0 120.0 0.5424
30.0 120.0 0.5432000000000001
30.0 120.0 0.544
30.0 120.0 0.5448
30.0 120.0 0.5456000000000001
30.0 120.0 0.5464
30.0 120.0 0.5472000000000001
30.0 120.0 0.548
30.0 120.0 0.5488
30.0 120.0 0.5496000000000001
30.0 120.0 0.5504
30.0 120.0 0.5512000000000001
30.0 120.0 0.552
30.0 120.0 0.5528
30.0 120.0 0.5536000000000001
30.0 120.0 0.5544
30.0 120.0 0.5551999999999999
30.0 120.0 0.556
30.0 120.0 0.5568
30.0 120.0 0.5576000000000001
30.0 120.0 0.5584
30.0 120.0 0.5591999999999999
30.0 120.0 0.56
30.0 120.0 0.5608
30.0 120.0 0.5616000000000001
30.0 120.0 0.5624
30.0 120.0 0.5631999999999999
30.0 120.0 0.5640000000000001
30.0 120.0 0.5648
30.0 120.0 0.5656000000000001
30.0 120.0 0.5664
30.0 120.0 0.5671999999999999
30.0 120.0 0.5680000000000001
30.0 120.0 0.5688
30.0 120.0 0.5696000000000001
30.0 120.0 0.5704
30.0 120.0 0.5711999999999999
30.0 120.0 0.5720000000000001
30.0 120.0 0.5728
30.0 120.0 0.5736000000000001
30.0 120.0 0.5744
30.0 120.0 0.5751999999999999
30.0 120.0 0.5760000000000001
30.0 120.0 0.5768
30.0 120.0 0.5776000000000001
30.0 120.0 0.5784
30.0 120.0 0.5791999999999999
30.0 120.0 0.5800000000000001
30.0 120.0 0.5808
30.0 120.0 0.5816000000000001
30.0 120.0 0.5824
30.0 120.0 0.5831999999999999
30.0 120.0 0.5840000000000001
30.0 120.0 0.5848
30.0 120.0 0.5856000000000001
30.0 120.0 0.5864
30.0 120.0 0.5871999999999999
30.0 120.0 0.5880000000000001
30.0 120.0 0.5888
30.0 120.0 0.5896000000000001
30.0 120.0 0.5904
30.0 120.0 0.5912
30.0 120.0 0.5920000000000001
30.0 120.0 0.5928
30.0 120.0 0.5936000000000001
30.0 120.0 0.5944
30.0 120.0 0.5952
30.0 120.0 0.5960000000000001
30.0 120.0 0.5968
30.0 120.0 0.5976000000000001
30.0 120.0 0.5984
30.0 120.0 0.5992
30.0 120.0 0.6
